20140622190000
20140331170000
20140617080000
20140419120000
20140722150000
20140609160000
20140419110000
20140518210000
20140713180000
20140626150000
20140626160000
20140926140000
20140821090000
20140722160000
20140620100000
20140724080000
20140922170000
20140619210000
20140907070000
20140831150000
20140331180000
20140911170000
20140715230000
20140417120000
20140702060000
20140831070000
20140601080000
20140716180000
20140828020000
20140828030000
20140829060000
20140716130000
20140622140000
20140703180000
20140208000000
20140829050000
20140823030000
20140524140000
20140926170000
20140824060000
20140831050000
20140511230000
20140831060000
20141008070000
20140824020000
20140501210000
20140524000000
20140502170000
20140701180000
20140703170000
20140822000000
20140828170000
20140804050000
20140615220000
20140207150000
20140601160000
20140615160000
20141003210000
20140507000000
20141031160000
20141001080000
20140502180000
20140823020000
20140821100000
20140625160000
20140625100000
20140601030000
20140615190000
20140506210000
20140410230000
20141004130000
20140328060000
20140609170000
20140621230000
20140411000000
20140616130000
20141012010000
20140208030000
20140702120000
20140519060000
20140622150000
20140803140000
20140226200000
20140207060000
20140208010000
20140501220000
20140804190000
20141030100000
20140527140000
20140809200000
20140617010000
20140729210000
20140613160000
20140804170000
20140912070000
20140814190000
20140616110000
20140716230000
20140625110000
20140207140000
20141012020000
20140617200000
20140625120000
20140821200000
20140721050000
20140610130000
20140919220000
20140208020000
20140419150000
20140625130000
20140702080000
20140828060000
20140425200000
20140716120000
20140713160000
20140426070000
20141004120000
20140518220000
20140610180000
20140511210000
20140831160000
20140608140000
20140701190000
20140719220000
20140924060000
20140716220000
20140804090000
20141002010000
20140702090000
20140423210000
20140423190000
20140828100000
20140926100000
20141012030000
20140207070000
20140901180000
20140417030000
20140803150000
20140713170000
20140622180000
20141008080000
20140501200000
20140501230000
20140828180000
20140829040000
20140601020000
20141004150000
20140926110000
20140617070000
20140622160000
20140829010000
20140518230000
20140831170000
20140831180000
20140610080000
20140730090000
20140207130000
20140226180000
20140804020000
20140226190000
20140907040000
20140606110000
20140207090000
20140828070000
20140803170000
20140622170000
20140207080000
20140616120000
20140606190000
20140524020000
20140511220000
20141004160000
20140720010000
20140621180000
20140417110000
20140426060000
20140419130000
20140207120000
20140207100000
20141001090000
20140813020000
20140812220000
20140702100000
20140601210000
20140617020000
20140419140000
20140511180000
20140610170000
20140601170000
20140813150000
20140207110000
20140615200000
20141004110000
20140924050000
20140719230000
20140831040000
20140830210000
20140625140000
20140702110000
20140922180000
20140510220000
20140615210000
20140813030000
20140625150000
20140619220000
20140524010000
20140610060000
20140524130000
20140828090000
20140511200000
20140824010000
20140828080000
20141004090000
20140919210000
20140519050000
20141001100000
20140608170000
20140716190000
20140519030000
20140821210000
20140501190000
20140610140000
20140911180000
20140501170000
20141004100000
20140519010000
20140823230000
20140617160000
20140824050000
20140813040000
20140519000000
20140617190000
20140426050000
20140803160000
20140902190000
20140519020000
20140702050000
20140804100000
20140701200000
20140922190000
20140804040000
20140617060000
20140621220000
20140720000000
20140511190000
20140613170000
20140831030000
20140601010000
20140919180000
20140721070000
20141001110000
20140423200000
20140511170000
20140828220000
20140824000000
20140730080000
20140716210000
20140829020000
20140828190000
20140829030000
20140829000000
20140821230000
20140610160000
20140828210000
20140821220000
20141004080000
20140524120000
20140425210000
20140907050000
20140926150000
20140926160000
20140721060000
20140617030000
20140810000000
20140901190000
20140813010000
20141002000000
20140620090000
20140812230000
20140511160000
20140610070000
20140501180000
20140606180000
20140924040000
20140912000000
20140601180000
20140922200000
20140830220000
20140912010000
20140919200000
20140804030000
20140613190000
20140610150000
20140524030000
20140813000000
20140417040000
20140809210000
20140911230000
20140911190000
20140911200000
20140715210000
20140912060000
20140426040000
20140831020000
20140907060000
20140702040000
20140729220000
20140716200000
20140924030000
20140619230000
20141001120000
20140804110000
20140606170000
20140911210000
20140617050000
20140902130000
20140804160000
20140613180000
20140813050000
20141004060000
20140830230000
20140621190000
20140911220000
20140923220000
20140620070000
20140524110000
20140919190000
20140912020000
20140902180000
20140519040000
20140617040000
20140901230000
20140715220000
20141004070000
20141003220000
20140620080000
20140621210000
20140902120000
20140828230000
20140922220000
20140912050000
20140902150000
20140902140000
20140701210000
20140902170000
20140608150000
20140702030000
20140923230000
20140620060000
20140510230000
20140426030000
20140831000000
20140601200000
20140828200000
20140813140000
20140924020000
20140923210000
20140922210000
20140617170000
20140601190000
20140901200000
20140606160000
20140531220000
20140730040000
20140606120000
20140831010000
20140617180000
20141004050000
20140924010000
20140524040000
20140902160000
20141004040000
20140729230000
20140702020000
20140524090000
20140620000000
20141001180000
20140730070000
20140417050000
20140426020000
20140902000000
20140804120000
20140511150000
20140912030000
20140524100000
20140621200000
20140902110000
20140601000000
20140809220000
20140924000000
20140426010000
20140608160000
20140417100000
20140901220000
20140702010000
20140922230000
20140902100000
20140730060000
20140912040000
20140809230000
20141004010000
20140923060000
20141001130000
20141001230000
20141004020000
20140923200000
20140730030000
20140813060000
20140702000000
20141001190000
20140804150000
20140701220000
20140730050000
20140813130000
20141001170000
20140524080000
20140701230000
20140902090000
20140730000000
20140425220000
20140901210000
20140511140000
20140813110000
20140923110000
20140524050000
20141004030000
20140730020000
20140620010000
20140813100000
20141003230000
20140417060000
20140606130000
20140923030000
20140620050000
20140923020000
20140923000000
20140923120000
20140620030000
20140417070000
20141001160000
20140730010000
20140902010000
20140923190000
20141001140000
20140804130000
20140511000000
20140426000000
20140524070000
20140813080000
20140923130000
20141001220000
20140417090000
20140417080000
20140813070000
20140524060000
20140511130000
20140923040000
20140923070000
20140923050000
20140620020000
20140813090000
20141004000000
20140902080000
20140531230000
20140425230000
20141001200000
20140620040000
20140813120000
20140923010000
20140804140000
20140902070000
20140606140000
20140606150000
20141001150000
20140923140000
20140511100000
20140923100000
20140511120000
20140923080000
20140511040000
20140511020000
20140511010000
20140511050000
20140902060000
20140923090000
20140511110000
20141001210000
20140511060000
20140511030000
20140511090000
20140511070000
20140902020000
20140923180000
20140923150000
20140511080000
20140902040000
20140902030000
20140902050000
20140923160000
20140923170000
